0,1,2,3,4,5,6,7,8,9,10,11
0.0666666666666667,30,0,8.19672131147541,8.26446280991736,9.70873786407767,0,6,2,3,0,T
0.0285714285714286,35,0,6.17283950617284,6.28930817610063,8.54700854700855,0,6,2,1,4,T
0.0204081632653061,49,0,8.19672131147541,7.75193798449612,5.64971751412429,0,8,2,2,4,T
0.0512820512820513,39,0,8.47457627118644,7.63358778625954,8.84955752212389,0,6,2,5,2,T
0.0307692307692308,65,0,6.32911392405063,6.2111801242236,4.69483568075117,0,8,2,5,3,T
0.0263157894736842,38,0,7.04225352112676,6.71140939597315,7.5187969924812,0,6,4,2,1,T
0.0384615384615385,52,0,6.32911392405063,6.2111801242236,9.34579439252336,0,8,3,4,2,T
0.0128205128205128,78,0,8.19672131147541,9.9009900990099,5.3475935828877,0,8,4,8,1,T
0.0645161290322581,31,0,8.19672131147541,8.40336134453782,8.54700854700855,0,6,3,2,1,T
0.0526315789473684,38,0,7.8125,7.09219858156028,8.13008130081301,0,6,2,6,1,T
0.0392156862745098,51,0,6.32911392405063,6.2111801242236,9.34579439252336,0,8,3,4,2,T
0.0512820512820513,39,0,8.47457627118644,7.63358778625954,8.84955752212389,0,6,1,7,1,T
0.0357142857142857,56,0,6.57894736842105,7.19424460431655,6.80272108843537,0,10,3,6,2,T
0.0555555555555556,36,0,7.8125,7.09219858156028,8.13008130081301,0,6,1,6,2,T
0.0487804878048781,41,0,7.8125,7.09219858156028,8.13008130081301,0,8,2,3,3,T
0.0294117647058824,34,0,7.04225352112676,6.71140939597315,9.70873786407767,0,6,1,7,4,T
0.027027027027027,37,0,7.57575757575758,7.19424460431655,8.54700854700855,0,8,0,3,3,T
0.0222222222222222,45,0,8.47457627118644,8.26446280991736,8.13008130081301,0,6,4,0,6,T
0.0303030303030303,33,0,8.92857142857143,9.1743119266055,8.54700854700855,0,6,2,2,1,T
0.0625,32,0,7.8125,7.09219858156028,8.13008130081301,0,6,4,2,2,T
0.0294117647058824,68,0,7.8125,7.63358778625954,5.46448087431694,0,8,1,7,2,T
0.0307692307692308,65,0,6.32911392405063,6.2111801242236,4.69483568075117,0,8,1,5,3,T
0.0256410256410256,39,0,8.92857142857143,8.40336134453782,9.70873786407767,0,6,4,2,2,T
0.0263157894736842,38,1,5.81395348837209,5.0251256281407,4.60829493087558,1,8,3,2,2,T
0.0307692307692308,65,0,6.32911392405063,6.2111801242236,4.69483568075117,0,8,2,3,2,T
0.0263157894736842,38,0,7.57575757575758,7.75193798449612,5.64971751412429,0,8,1,1,3,T
0.032258064516129,31,0,7.04225352112676,7.19424460431655,6.36942675159236,0,6,1,2,1,T
0.032258064516129,31,0,6.17283950617284,6.28930817610063,6.80272108843537,0,6,5,1,3,T
0.037037037037037,27,0,7.57575757575758,7.19424460431655,5.98802395209581,0,6,1,1,0,T
0.0289855072463768,69,0,6.32911392405063,6.2111801242236,4.48430493273543,0,8,4,4,1,T
0.05,40,0,9.25925925925926,8.40336134453782,7.8740157480315,0,8,1,1,5,T
0.0487804878048781,41,0,8.47457627118644,9.00900900900901,6.99300699300699,0,6,4,1,1,T
0.0357142857142857,28,0,7.57575757575758,7.19424460431655,6.36942675159236,0,6,1,1,0,T
0.0384615384615385,26,0,7.57575757575758,7.19424460431655,6.36942675159236,0,6,3,3,2,T
0.0294117647058824,34,0,9.80392156862745,9.1743119266055,5.98802395209581,0,6,2,2,0,T
0.03125,32,1,6.57894736842105,9.9009900990099,6.80272108843537,1,6,1,0,1,T
0.0217391304347826,46,0,7.04225352112676,7.75193798449612,7.2992700729927,0,6,5,1,3,T
0.0416666666666667,48,0,7.8125,7.63358778625954,7.8740157480315,0,8,2,4,6,T
0.0416666666666667,48,0,7.8125,7.63358778625954,7.8740157480315,0,8,2,3,8,T
0.075,40,0,8.19672131147541,9.1743119266055,9.70873786407767,0,6,2,2,1,T
0.0571428571428571,35,0,8.92857142857143,7.19424460431655,7.2992700729927,0,6,3,3,3,T
0.03125,64,0,5.05050505050505,6.2111801242236,5.18134715025907,0,6,3,7,2,T
0.05,40,0,7.2463768115942,6.62251655629139,7.5187969924812,0,6,1,6,1,T
0.0526315789473684,38,0,7.8125,7.09219858156028,8.13008130081301,0,6,1,7,1,T
0.0384615384615385,26,0,7.04225352112676,6.71140939597315,6.36942675159236,0,6,3,0,1,T
0.0476190476190476,42,0,8.47457627118644,7.09219858156028,9.34579439252336,0,6,2,3,3,T
0.0285714285714286,35,0,7.57575757575758,8.40336134453782,8.54700854700855,0,6,2,3,1,T
0.0294117647058824,34,0,7.04225352112676,6.71140939597315,9.70873786407767,0,6,0,6,5,T
0.0392156862745098,51,0,6.32911392405063,8.26446280991736,6.13496932515337,0,6,2,4,6,T
0.0714285714285714,28,0,7.04225352112676,7.19424460431655,6.80272108843537,0,6,5,0,1,T
0.0540540540540541,37,0,7.8125,7.09219858156028,8.13008130081301,0,6,3,3,3,T
0.0425531914893617,47,0,8.47457627118644,8.26446280991736,6.80272108843537,0,8,2,4,1,T
0.0833333333333333,24,0,6.57894736842105,9.1743119266055,7.8740157480315,0,6,2,5,2,T
0.0526315789473684,38,0,8.92857142857143,9.1743119266055,8.84955752212389,0,6,2,0,3,T
0.0289855072463768,69,0,5.95238095238095,5.84795321637427,9.34579439252336,0,9,1,4,5,T
0.0425531914893617,47,0,6.32911392405063,8.26446280991736,6.13496932515337,0,6,4,1,2,T
0.0666666666666667,30,0,7.04225352112676,7.19424460431655,7.2992700729927,0,6,1,0,1,T
0.0666666666666667,30,0,8.92857142857143,8.40336134453782,7.2992700729927,0,6,1,0,1,T
0.0344827586206897,29,0,7.57575757575758,7.19424460431655,6.80272108843537,0,6,1,3,3,T
0.027027027027027,37,0,7.04225352112676,7.19424460431655,9.34579439252336,0,6,4,3,2,T
0.0256410256410256,39,0,8.19672131147541,8.40336134453782,5.64971751412429,0,8,5,3,1,T
0.0298507462686567,67,0,6.32911392405063,6.2111801242236,4.69483568075117,0,8,0,3,3,T
0.0476190476190476,42,0,9.80392156862745,7.75193798449612,5.3475935828877,0,8,1,1,3,T
0.0487804878048781,41,0,5.31914893617021,7.09219858156028,8.13008130081301,0,6,2,1,3,T
0.0285714285714286,35,0,7.04225352112676,7.19424460431655,7.8740157480315,0,6,1,3,2,T
0.0526315789473684,38,0,7.8125,7.09219858156028,8.13008130081301,0,6,4,4,3,T
0.024390243902439,41,0,7.57575757575758,7.75193798449612,9.70873786407767,0,6,1,5,4,T
0.0277777777777778,36,0,7.57575757575758,7.75193798449612,7.8740157480315,0,6,1,3,2,T
0.0666666666666667,30,0,8.92857142857143,7.19424460431655,7.2992700729927,0,6,1,2,2,T
0.03125,32,0,7.04225352112676,7.19424460431655,6.36942675159236,0,6,0,3,3,T
0.0526315789473684,38,0,7.8125,7.09219858156028,8.13008130081301,0,6,3,4,1,T
0.0277777777777778,36,0,7.57575757575758,9.1743119266055,9.34579439252336,0,6,4,5,2,T
0.0689655172413793,29,0,8.92857142857143,7.19424460431655,6.80272108843537,0,6,1,1,3,T
0.0689655172413793,29,0,8.92857142857143,7.19424460431655,7.2992700729927,0,6,1,1,1,T
0.0540540540540541,37,0,7.2463768115942,6.2111801242236,6.99300699300699,0,6,3,1,4,T
0.032258064516129,31,0,5.81395348837209,7.19424460431655,8.54700854700855,0,6,2,2,3,T
0.0416666666666667,48,0,7.8125,7.63358778625954,7.8740157480315,0,8,3,6,4,T
0.05,40,0,7.2463768115942,6.62251655629139,7.5187969924812,0,6,2,6,0,T
0.0357142857142857,28,0,7.57575757575758,7.19424460431655,6.80272108843537,0,6,5,4,2,T
0.0444444444444444,45,0,8.47457627118644,8.26446280991736,6.80272108843537,0,8,5,3,4,T
0.0512820512820513,39,0,8.19672131147541,7.19424460431655,6.36942675159236,0,8,2,4,4,T
0.0645161290322581,31,0,8.92857142857143,9.1743119266055,9.34579439252336,0,6,3,0,1,T
0.0327868852459016,61,0,9.25925925925926,9.00900900900901,5.46448087431694,0,8,6,7,0,T
0.0285714285714286,35,0,7.57575757575758,7.75193798449612,7.8740157480315,0,6,3,5,1,T
0.032258064516129,62,0,9.25925925925926,9.00900900900901,5.46448087431694,0,8,4,6,3,T
0.03125,64,0,7.8125,7.63358778625954,5.46448087431694,0,8,4,9,1,T
0.0204081632653061,49,0,8.19672131147541,7.75193798449612,5.64971751412429,0,8,1,6,4,T
0.0303030303030303,66,0,6.32911392405063,6.2111801242236,4.69483568075117,0,8,2,5,3,T
0.0444444444444444,45,0,5.95238095238095,6.2111801242236,6.99300699300699,0,6,3,3,2,T
0.0526315789473684,38,0,8.92857142857143,9.1743119266055,8.84955752212389,0,6,4,0,2,T
0.0294117647058824,68,0,8.47457627118644,8.26446280991736,5.18134715025907,0,8,5,3,2,T
0.0606060606060606,33,0,9.25925925925926,7.63358778625954,8.84955752212389,0,6,1,4,4,T
0.0625,32,0,9.80392156862745,8.26446280991736,9.70873786407767,0,6,2,3,3,T
0.0666666666666667,30,0,7.04225352112676,7.19424460431655,7.2992700729927,0,6,1,0,1,T
0.0625,32,0,8.19672131147541,9.1743119266055,7.8740157480315,0,6,1,2,2,T
0.0232558139534884,43,0,6.57894736842105,8.40336134453782,9.70873786407767,0,8,2,5,2,T
0.027027027027027,37,0,8.92857142857143,8.40336134453782,9.70873786407767,0,6,2,3,2,T
0.0227272727272727,44,0,7.57575757575758,7.19424460431655,8.54700854700855,0,8,4,2,1,T
0.0232558139534884,43,1,7.04225352112676,5.58659217877095,5.0761421319797,1,8,1,6,1,T
0.0294117647058824,34,0,7.57575757575758,7.75193798449612,7.8740157480315,0,6,1,6,1,T
0.0303030303030303,33,0,6.17283950617284,7.19424460431655,7.8740157480315,0,6,2,2,1,T
0.0512820512820513,39,0,8.19672131147541,7.19424460431655,6.36942675159236,0,8,2,3,3,T
0.0526315789473684,38,0,9.80392156862745,9.9009900990099,8.13008130081301,0,6,2,1,3,T
0.0625,32,0,9.25925925925926,7.63358778625954,8.84955752212389,0,6,5,5,1,T
0.03125,32,0,9.80392156862745,9.9009900990099,6.80272108843537,0,6,1,2,0,T
0.027027027027027,37,0,7.57575757575758,9.1743119266055,9.34579439252336,0,6,4,4,1,T
0.0512820512820513,39,0,8.47457627118644,7.63358778625954,8.84955752212389,0,6,1,7,2,T
0.0606060606060606,33,0,9.80392156862745,8.26446280991736,9.70873786407767,0,6,2,3,2,T
0.0307692307692308,65,0,6.32911392405063,6.2111801242236,4.69483568075117,0,8,2,6,2,T
0.027027027027027,37,0,7.57575757575758,6.28930817610063,7.2992700729927,0,8,0,3,2,T
0.0307692307692308,65,0,6.32911392405063,6.2111801242236,4.69483568075117,0,8,1,4,3,T
0.0307692307692308,65,0,6.32911392405063,6.2111801242236,4.69483568075117,0,8,4,2,4,T
0.0487804878048781,41,0,7.2463768115942,6.62251655629139,7.5187969924812,0,6,4,7,0,T
0.0136986301369863,73,0,8.19672131147541,9.9009900990099,5.3475935828877,0,8,4,8,0,T
0.0555555555555556,36,0,7.8125,7.09219858156028,8.13008130081301,0,6,2,4,3,T
0.037037037037037,27,0,7.57575757575758,7.19424460431655,6.36942675159236,0,6,3,4,2,T
0.0344827586206897,29,0,7.57575757575758,6.71140939597315,6.80272108843537,0,6,6,2,2,T
0.0285714285714286,35,0,7.57575757575758,8.40336134453782,8.54700854700855,0,6,2,6,1,T
0.0192307692307692,52,0,6.57894736842105,6.71140939597315,6.36942675159236,0,8,5,4,0,T
0.0392156862745098,51,0,9.25925925925926,6.62251655629139,8.54700854700855,0,8,4,7,4,T
0.0307692307692308,65,0,5.31914893617021,7.09219858156028,6.5359477124183,0,8,6,4,4,T
0.032258064516129,31,0,7.04225352112676,7.19424460431655,6.36942675159236,0,6,1,4,2,T
0.0645161290322581,31,0,8.92857142857143,9.1743119266055,9.34579439252336,0,6,3,1,0,T
0.0303030303030303,66,0,7.8125,7.63358778625954,5.46448087431694,0,8,4,8,0,T
0.0232558139534884,43,1,7.04225352112676,5.58659217877095,5.0761421319797,1,8,3,6,1,T
0.0625,32,0,8.92857142857143,7.19424460431655,7.2992700729927,0,6,2,1,2,T
0.0666666666666667,30,0,8.19672131147541,8.26446280991736,9.70873786407767,0,6,0,3,1,T
0.0689655172413793,29,0,8.19672131147541,8.26446280991736,9.70873786407767,0,6,0,2,0,T
0.0476190476190476,42,0,8.19672131147541,7.19424460431655,6.80272108843537,0,8,1,3,3,T
0.0571428571428571,35,0,8.19672131147541,7.19424460431655,6.36942675159236,0,8,2,5,3,T
0.0123456790123457,81,0,6.17283950617284,5.0251256281407,7.2992700729927,0,12,2,2,6,T
0.0476190476190476,42,0,8.19672131147541,7.19424460431655,6.36942675159236,0,10,3,5,1,T
0.025,80,0,6.32911392405063,8.26446280991736,6.13496932515337,0,6,5,13,6,T
0.0344827586206897,29,0,8.92857142857143,7.75193798449612,5.98802395209581,0,6,1,4,0,T
0.0666666666666667,30,0,7.04225352112676,7.19424460431655,7.2992700729927,0,6,1,0,1,T
0.0526315789473684,38,0,7.8125,7.09219858156028,8.13008130081301,0,6,5,4,3,T
0.0303030303030303,66,0,6.32911392405063,6.2111801242236,4.69483568075117,0,8,2,4,4,T
0.0307692307692308,65,0,7.8125,7.63358778625954,5.46448087431694,0,8,2,8,1,T
0.0526315789473684,38,0,7.8125,7.09219858156028,8.13008130081301,0,6,6,4,2,T
0.0363636363636364,55,0,5.95238095238095,5.84795321637427,9.34579439252336,0,8,2,7,2,T
0.0138888888888889,144,0,8.92857142857143,7.19424460431655,7.2992700729927,0,6,14,11,8,T
0.0571428571428571,35,0,8.92857142857143,7.19424460431655,7.2992700729927,0,6,3,3,3,T
0.0303030303030303,66,0,7.8125,7.63358778625954,5.46448087431694,0,8,4,8,0,T
0.0512820512820513,39,0,8.47457627118644,7.63358778625954,8.84955752212389,0,6,2,6,2,T
0.05,40,0,8.19672131147541,7.19424460431655,6.36942675159236,0,8,3,5,1,T
0.0212765957446809,47,0,2.61780104712042,2.78551532033426,2.80112044817927,0,6,2,0,2,T
0.0677966101694915,59,0,2.61780104712042,2.78551532033426,2.80112044817927,0,6,1,3,7,T
0.0188679245283019,53,0,4.20168067226891,5.52486187845304,8.54700854700855,0,6,1,3,4,T
0.0454545454545455,22,0,2.61780104712042,2.78551532033426,2.80112044817927,0,4,2,0,0,T
0.387096774193548,31,0,2.61780104712042,2.78551532033426,2.80112044817927,0,2,1,1,1,T
0.0158730158730159,63,0,4.58715596330275,8.40336134453782,8.84955752212389,1,8,4,3,6,T
0.0178571428571429,112,0,2.28310502283105,3.21543408360129,6.13496932515337,0,12,11,9,2,T
0.0125,80,0,3.47222222222222,5.23560209424084,5.46448087431694,1,10,2,6,2,T
0.0566037735849057,53,0,2.61780104712042,2.78551532033426,2.80112044817927,0,4,2,5,0,T
0.0428571428571429,70,0,2.61780104712042,2.78551532033426,2.80112044817927,0,4,6,5,5,T
0.0078740157480315,127,0,8.47457627118644,1.44717800289436,1.230012300123,0,6,1,12,2,T
0.0394736842105263,76,0,2.61780104712042,2.78551532033426,2.80112044817927,0,4,4,11,0,F
0.0769230769230769,13,0,2.61780104712042,2.78551532033426,2.80112044817927,0,4,0,0,0,F
0.0769230769230769,13,0,2.61780104712042,2.78551532033426,2.80112044817927,0,3,0,0,0,F
0.0120481927710843,83,0,2.61780104712042,2.78551532033426,2.80112044817927,0,6,5,2,2,F
0.0120481927710843,83,0,2.61780104712042,2.78551532033426,2.80112044817927,0,6,5,2,2,F
0,11,0,2.61780104712042,2.78551532033426,2.80112044817927,,0,0,2,1,F
0,11,0,2.61780104712042,2.78551532033426,2.80112044817927,,0,0,2,1,F
0.013986013986014,143,0,2.61780104712042,2.78551532033426,2.80112044817927,0,6,4,16,6,F
0,63,0,2.61780104712042,2.78551532033426,2.80112044817927,,0,3,5,8,F
0.1875,48,0,2.61780104712042,2.78551532033426,2.80112044817927,0,2,0,2,2,F
0.0188679245283019,53,0,7.04225352112676,6.71140939597315,8.13008130081301,0,8,2,3,4,F
0.021978021978022,91,0,2.61780104712042,2.78551532033426,2.80112044817927,0,8,3,5,7,F
0.0350877192982456,57,0,2.61780104712042,2.78551532033426,2.80112044817927,0,6,2,3,4,F
0,110,0,2.61780104712042,2.78551532033426,2.80112044817927,,0,6,10,10,F
0.0617283950617284,81,0,2.61780104712042,2.78551532033426,2.80112044817927,0,12,9,2,5,F
0.0540540540540541,37,0,2.61780104712042,2.78551532033426,2.80112044817927,0,10,4,3,0,F
0.0078740157480315,127,0,8.47457627118644,1.44717800289436,1.230012300123,0,6,1,12,2,F
0.0540540540540541,37,0,2.61780104712042,2.78551532033426,2.80112044817927,0,10,4,3,0,F
0.0078740157480315,127,0,8.47457627118644,1.44717800289436,1.230012300123,0,6,1,12,2,F
0.0428571428571429,70,0,2.61780104712042,2.78551532033426,2.80112044817927,0,4,6,5,5,F
0.0576923076923077,52,0,5.31914893617021,6.2111801242236,3.80228136882129,0,6,4,4,1,F
0.0394736842105263,76,0,2.61780104712042,2.78551532033426,2.80112044817927,0,4,4,11,0,F
0.0454545454545455,22,0,2.61780104712042,2.78551532033426,2.80112044817927,0,4,2,0,0,F
0.387096774193548,31,0,2.61780104712042,2.78551532033426,2.80112044817927,0,2,1,1,1,F
0.0309278350515464,97,0,3.87596899224806,9.00900900900901,2.54452926208651,0,6,4,6,4,F
0.0714285714285714,14,0,2.61780104712042,2.78551532033426,2.80112044817927,0,4,0,0,0,F
0.0714285714285714,14,1,2.61780104712042,2.78551532033426,2.80112044817927,0,4,0,0,0,F
0,143,0,2.61780104712042,2.78551532033426,2.80112044817927,,1,11,11,2,F
0,125,0,2.61780104712042,2.78551532033426,2.80112044817927,,1,4,6,7,F
0,110,0,2.61780104712042,2.78551532033426,2.80112044817927,,1,6,11,2,F
0.0227272727272727,132,0,2.61780104712042,2.78551532033426,2.80112044817927,0,2,2,16,3,F
0.0977443609022556,133,0,2.61780104712042,2.78551532033426,2.80112044817927,0,2,12,0,7,F
0.0220588235294118,136,0,2.61780104712042,2.78551532033426,2.80112044817927,0,2,5,6,7,F
0.380952380952381,126,0,2.61780104712042,2.78551532033426,2.80112044817927,0,2,11,11,7,F
0,137,0,2.61780104712042,2.78551532033426,2.80112044817927,,0,9,10,3,F
0,131,0,2.61780104712042,2.78551532033426,2.80112044817927,,0,7,3,13,F
0.448598130841121,107,0,2.61780104712042,2.78551532033426,2.80112044817927,0,2,5,3,5,F
0,149,0,2.61780104712042,2.78551532033426,2.80112044817927,,0,5,8,6,F
0.0202702702702703,148,0,2.61780104712042,2.78551532033426,2.80112044817927,0,4,8,4,7,F
0.541284403669725,109,0,2.61780104712042,2.78551532033426,2.80112044817927,0,2,4,3,3,F
0.0416666666666667,144,0,2.61780104712042,2.78551532033426,2.80112044817927,0,8,16,8,6,F
0.0380952380952381,105,0,2.61780104712042,2.78551532033426,2.80112044817927,0,4,15,2,1,F
0.0260869565217391,115,0,2.61780104712042,2.78551532033426,2.80112044817927,0,2,2,12,3,F
0,133,0,2.61780104712042,2.78551532033426,2.80112044817927,,0,4,15,6,F
0,122,0,2.61780104712042,2.78551532033426,2.80112044817927,,1,8,7,9,F
0,136,0,2.61780104712042,2.78551532033426,2.80112044817927,,0,9,5,8,F
0.0275229357798165,109,0,2.61780104712042,2.78551532033426,2.80112044817927,0,8,5,20,0,F
0.661971830985915,142,0,2.61780104712042,2.78551532033426,2.80112044817927,0,2,6,8,9,F
0,129,0,2.61780104712042,2.78551532033426,2.80112044817927,,0,4,11,4,F
0.053030303030303,132,0,2.61780104712042,2.78551532033426,2.80112044817927,0,2,9,12,4,F
0,102,0,2.61780104712042,2.78551532033426,2.80112044817927,,0,5,4,9,F
0,148,0,2.61780104712042,2.78551532033426,2.80112044817927,,1,12,11,3,F
0.0241935483870968,124,0,2.61780104712042,2.78551532033426,2.80112044817927,0,4,10,5,6,F
0.129770992366412,131,0,2.61780104712042,2.78551532033426,2.80112044817927,0,6,12,4,5,F
0.0915492957746479,142,0,2.61780104712042,2.78551532033426,2.80112044817927,0,2,5,11,9,F
0,126,0,2.61780104712042,2.78551532033426,2.80112044817927,,1,8,10,6,F
0.0660377358490566,106,0,2.61780104712042,2.78551532033426,2.80112044817927,0,2,10,4,9,F
0.0218978102189781,137,0,2.61780104712042,2.78551532033426,2.80112044817927,0,2,10,2,5,F
0.0894308943089431,123,0,2.61780104712042,2.78551532033426,2.80112044817927,0,4,10,6,5,F
0.0178571428571429,112,0,2.28310502283105,3.21543408360129,6.13496932515337,0,12,11,9,2,F
0,125,0,2.61780104712042,2.78551532033426,2.80112044817927,,1,5,9,6,F
0.00813008130081301,123,1,9.80392156862745,6.62251655629139,5.3475935828877,1,14,6,17,5,F
0,149,0,2.61780104712042,2.78551532033426,2.80112044817927,,0,13,18,7,F
0.037593984962406,133,0,2.61780104712042,2.78551532033426,2.80112044817927,0,3,12,7,10,F
0,110,0,2.61780104712042,2.78551532033426,2.80112044817927,,0,9,7,5,F
0,126,0,2.61780104712042,2.78551532033426,2.80112044817927,,1,5,11,2,F
0.19047619047619,147,0,2.61780104712042,2.78551532033426,2.80112044817927,0,2,9,11,5,F
0,126,0,2.61780104712042,2.78551532033426,2.80112044817927,,0,5,8,8,F
0.528571428571429,140,0,2.61780104712042,2.78551532033426,2.80112044817927,0,2,9,5,14,F
0,117,0,2.61780104712042,2.78551532033426,2.80112044817927,,0,6,11,4,F
0,113,0,2.61780104712042,2.78551532033426,2.80112044817927,,0,7,5,8,F
0.0551724137931034,145,0,2.61780104712042,2.78551532033426,2.80112044817927,0,6,17,9,4,F
0.286713286713287,143,0,2.61780104712042,2.78551532033426,2.80112044817927,0,2,5,10,7,F
0.0238095238095238,126,0,2.61780104712042,2.78551532033426,2.80112044817927,0,3,6,8,10,F
0.53125,128,0,2.61780104712042,2.78551532033426,2.80112044817927,0,2,10,4,10,F
0.31304347826087,115,0,2.61780104712042,2.78551532033426,2.80112044817927,0,2,1,10,8,F
0.0689655172413793,116,0,2.61780104712042,2.78551532033426,2.80112044817927,0,4,1,12,7,F
0,145,0,2.61780104712042,2.78551532033426,2.80112044817927,,0,4,3,17,F
0.295774647887324,142,0,2.61780104712042,2.78551532033426,2.80112044817927,0,2,7,13,7,F
0,106,0,2.61780104712042,2.78551532033426,2.80112044817927,,1,6,8,3,F
0.00740740740740741,135,0,2.61780104712042,2.78551532033426,2.80112044817927,0,3,10,4,13,F
0,143,0,2.61780104712042,2.78551532033426,2.80112044817927,,0,5,13,15,F
0,123,0,2.61780104712042,2.78551532033426,2.80112044817927,,0,5,1,13,F
0,103,0,2.61780104712042,2.78551532033426,2.80112044817927,,1,1,11,6,F
0.134920634920635,126,0,2.61780104712042,2.78551532033426,2.80112044817927,0,2,4,8,11,F
0,124,0,2.61780104712042,2.78551532033426,2.80112044817927,,1,9,3,18,F
0,125,0,2.61780104712042,2.78551532033426,2.80112044817927,,0,5,16,7,F
0,106,0,2.61780104712042,2.78551532033426,2.80112044817927,,0,4,6,6,F
0,145,0,2.61780104712042,2.78551532033426,2.80112044817927,,1,9,13,3,F
0,150,0,2.61780104712042,2.78551532033426,2.80112044817927,,0,13,14,8,F
0,132,0,2.61780104712042,2.78551532033426,2.80112044817927,,0,11,6,1,F
0,137,0,2.61780104712042,2.78551532033426,2.80112044817927,,1,5,2,12,F
0,122,0,2.61780104712042,2.78551532033426,2.80112044817927,,0,2,17,4,F
0.104838709677419,124,0,2.61780104712042,2.78551532033426,2.80112044817927,0,2,8,11,4,F
0.645390070921986,141,0,2.61780104712042,2.78551532033426,2.80112044817927,0,2,11,17,10,F
0,121,0,2.61780104712042,2.78551532033426,2.80112044817927,,1,4,16,1,F
0.173076923076923,104,0,2.61780104712042,2.78551532033426,2.80112044817927,0,2,14,7,5,F
0.0198675496688742,151,0,2.61780104712042,2.78551532033426,2.80112044817927,0,8,14,5,9,F
0.610294117647059,136,0,2.61780104712042,2.78551532033426,2.80112044817927,0,2,11,6,6,F
0,113,0,2.61780104712042,2.78551532033426,2.80112044817927,,0,10,5,5,F
0.0264900662251656,151,0,2.61780104712042,2.78551532033426,2.80112044817927,0,4,10,7,8,F
0,136,0,2.61780104712042,2.78551532033426,2.80112044817927,,0,15,7,2,F
0.0252100840336134,119,0,2.61780104712042,2.78551532033426,2.80112044817927,0,3,8,7,6,F
0,116,0,2.61780104712042,2.78551532033426,2.80112044817927,,1,11,9,4,F
0,111,0,2.61780104712042,2.78551532033426,2.80112044817927,,1,5,3,7,F
0,130,0,2.61780104712042,2.78551532033426,2.80112044817927,,0,6,11,12,F
0,112,0,2.61780104712042,2.78551532033426,2.80112044817927,,0,12,6,7,F
0.323529411764706,102,0,2.61780104712042,2.78551532033426,2.80112044817927,0,3,13,5,6,F
0.0283018867924528,106,0,2.61780104712042,2.78551532033426,2.80112044817927,0,4,1,5,7,F
0,115,0,2.61780104712042,2.78551532033426,2.80112044817927,,0,10,5,0,F
0.446601941747573,103,0,2.61780104712042,2.78551532033426,2.80112044817927,0,2,9,7,6,F
0,128,0,2.61780104712042,2.78551532033426,2.80112044817927,,0,4,18,6,F
0,139,0,2.61780104712042,2.78551532033426,2.80112044817927,,1,5,10,12,F
0.00847457627118644,118,0,2.61780104712042,2.78551532033426,2.80112044817927,0,3,7,7,2,F
0.00793650793650794,126,1,2.61780104712042,2.78551532033426,2.80112044817927,0,20,9,9,13,F
0,105,0,2.61780104712042,2.78551532033426,2.80112044817927,,0,11,6,8,F
0.0654205607476635,107,0,2.61780104712042,2.78551532033426,2.80112044817927,0,4,6,2,8,F
0.0518518518518519,135,0,2.61780104712042,2.78551532033426,2.80112044817927,0,3,15,11,5,F
0.0222222222222222,135,0,2.61780104712042,2.78551532033426,2.80112044817927,0,2,2,7,3,F
0.0806451612903226,124,0,2.61780104712042,2.78551532033426,2.80112044817927,0,2,9,10,7,F
0,128,0,2.61780104712042,2.78551532033426,2.80112044817927,,1,7,10,7,F
0,147,0,2.61780104712042,2.78551532033426,2.80112044817927,,0,10,11,13,F
0,121,0,2.61780104712042,2.78551532033426,2.80112044817927,,1,3,6,13,F
0,146,0,2.61780104712042,2.78551532033426,2.80112044817927,,1,4,22,9,F
0.214285714285714,140,0,2.61780104712042,2.78551532033426,2.80112044817927,0,2,8,11,7,F
0,144,0,2.61780104712042,2.78551532033426,2.80112044817927,,0,3,6,11,F
0.0277777777777778,108,0,2.61780104712042,2.78551532033426,2.80112044817927,0,2,8,10,2,F
0.409090909090909,110,0,2.61780104712042,2.78551532033426,2.80112044817927,0,2,6,8,8,F
0,135,0,2.61780104712042,2.78551532033426,2.80112044817927,,1,8,4,12,F
0,115,0,2.61780104712042,2.78551532033426,2.80112044817927,,0,5,9,5,F
0,131,0,2.61780104712042,2.78551532033426,2.80112044817927,,0,12,5,6,F
0,113,0,2.61780104712042,2.78551532033426,2.80112044817927,,0,5,10,3,F
0,102,0,2.61780104712042,2.78551532033426,2.80112044817927,,0,6,8,9,F
0,151,0,2.61780104712042,2.78551532033426,2.80112044817927,,0,14,11,5,F
0,110,0,2.61780104712042,2.78551532033426,2.80112044817927,,0,4,9,3,F
0.171232876712329,146,0,2.61780104712042,2.78551532033426,2.80112044817927,0,2,10,5,12,F
0,124,0,2.61780104712042,2.78551532033426,2.80112044817927,,0,5,8,11,F
0,145,0,2.61780104712042,2.78551532033426,2.80112044817927,,0,7,12,12,F
0,137,0,2.61780104712042,2.78551532033426,2.80112044817927,,0,2,13,12,F
0.53781512605042,119,0,2.61780104712042,2.78551532033426,2.80112044817927,0,2,4,15,2,F
0.107692307692308,130,0,2.61780104712042,2.78551532033426,2.80112044817927,0,3,11,8,5,F
0.176470588235294,119,0,2.61780104712042,2.78551532033426,2.80112044817927,0,3,7,2,5,F
0.0140845070422535,142,0,2.61780104712042,2.78551532033426,2.80112044817927,0,4,7,4,8,F
0,125,0,2.61780104712042,2.78551532033426,2.80112044817927,,0,4,8,11,F
0,123,0,2.61780104712042,2.78551532033426,2.80112044817927,,1,6,6,7,F
0,149,0,2.61780104712042,2.78551532033426,2.80112044817927,,0,3,3,11,F
0,139,0,2.61780104712042,2.78551532033426,2.80112044817927,,0,5,7,9,F
0.0212765957446809,141,0,2.61780104712042,2.78551532033426,2.80112044817927,0,5,11,14,9,F
0,128,0,2.61780104712042,2.78551532033426,2.80112044817927,,1,9,7,8,F
0,106,0,2.61780104712042,2.78551532033426,2.80112044817927,,1,3,8,2,F
0,143,0,2.61780104712042,2.78551532033426,2.80112044817927,,1,10,2,10,F
0.0647482014388489,139,0,2.61780104712042,2.78551532033426,2.80112044817927,0,5,7,6,8,F
0,151,0,2.61780104712042,2.78551532033426,2.80112044817927,,0,7,15,8,F
0.6,120,0,2.61780104712042,2.78551532033426,2.80112044817927,0,2,6,9,10,F
0,108,0,2.61780104712042,2.78551532033426,2.80112044817927,,1,5,8,6,F
0,109,0,2.61780104712042,2.78551532033426,2.80112044817927,,1,8,12,1,F
0.169642857142857,112,0,2.61780104712042,2.78551532033426,2.80112044817927,0,3,8,5,1,F
0.0201342281879195,149,0,2.61780104712042,2.78551532033426,2.80112044817927,0,3,15,7,6,F
0,142,0,2.61780104712042,2.78551532033426,2.80112044817927,,0,10,2,12,F
0,139,0,2.61780104712042,2.78551532033426,2.80112044817927,,0,14,2,0,F
0.231788079470199,151,0,2.61780104712042,2.78551532033426,2.80112044817927,0,3,9,7,4,F
0,112,0,2.61780104712042,2.78551532033426,2.80112044817927,,0,7,11,8,F
0,147,0,2.61780104712042,2.78551532033426,2.80112044817927,,1,4,9,11,F
0,151,0,2.61780104712042,2.78551532033426,2.80112044817927,,0,3,15,15,F
0,136,0,2.61780104712042,2.78551532033426,2.80112044817927,,0,10,2,15,F
0.0307692307692308,130,0,2.61780104712042,2.78551532033426,2.80112044817927,0,8,10,6,11,F
0,107,0,2.61780104712042,2.78551532033426,2.80112044817927,,0,18,8,0,F
0.0615384615384615,130,0,2.61780104712042,2.78551532033426,2.80112044817927,0,8,12,3,3,F
0,145,0,2.61780104712042,2.78551532033426,2.80112044817927,,1,9,2,4,F
0.028169014084507,142,0,2.61780104712042,2.78551532033426,2.80112044817927,0,6,8,11,5,F
0,144,0,2.61780104712042,2.78551532033426,2.80112044817927,,0,12,2,11,F
0,102,0,2.61780104712042,2.78551532033426,2.80112044817927,,0,9,3,6,F
0,128,0,2.61780104712042,2.78551532033426,2.80112044817927,,1,18,5,4,F
0.624113475177305,141,0,2.61780104712042,2.78551532033426,2.80112044817927,0,2,2,18,1,F
0.00689655172413793,145,0,0.936329588014981,1.26422250316056,2.48138957816377,1,6,10,19,1,F
0.0973451327433628,113,0,2.61780104712042,2.78551532033426,2.80112044817927,0,2,11,0,5,F
0.045045045045045,111,0,2.61780104712042,2.78551532033426,2.80112044817927,0,2,6,9,2,F
0,120,0,2.61780104712042,2.78551532033426,2.80112044817927,,0,7,8,6,F
0,119,0,2.61780104712042,2.78551532033426,2.80112044817927,,0,3,4,14,F
0,134,0,2.61780104712042,2.78551532033426,2.80112044817927,,0,10,5,6,F
0,128,0,2.61780104712042,2.78551532033426,2.80112044817927,,0,11,6,4,F
0.0234375,128,0,2.61780104712042,2.78551532033426,2.80112044817927,0,2,7,13,5,F
0.00746268656716418,134,0,4.20168067226891,6.2111801242236,8.84955752212389,0,10,8,6,2,F
0.00869565217391304,115,0,2.18340611353712,1.23304562268804,1.87617260787993,0,6,10,0,3,F
0.150442477876106,113,0,2.61780104712042,2.78551532033426,2.80112044817927,0,3,6,4,5,F
0,130,0,2.61780104712042,2.78551532033426,2.80112044817927,,1,11,7,7,F
0.285714285714286,133,0,2.61780104712042,2.78551532033426,2.80112044817927,0,2,15,3,2,F
0,127,0,2.61780104712042,2.78551532033426,2.80112044817927,,0,8,11,7,F
0.152777777777778,144,0,2.61780104712042,2.78551532033426,2.80112044817927,0,2,18,9,8,F
0,116,0,2.61780104712042,2.78551532033426,2.80112044817927,,1,3,10,1,F
0.669064748201439,139,0,2.61780104712042,2.78551532033426,2.80112044817927,0,2,3,6,22,F
0,151,0,2.61780104712042,2.78551532033426,2.80112044817927,,0,5,1,7,F
0,143,0,2.61780104712042,2.78551532033426,2.80112044817927,,0,9,7,11,F
0,138,0,2.61780104712042,2.78551532033426,2.80112044817927,,1,8,13,6,F
0,109,0,2.61780104712042,2.78551532033426,2.80112044817927,,0,7,4,4,F
0.024,125,0,2.61780104712042,2.78551532033426,2.80112044817927,0,2,3,3,8,F
0.0917431192660551,109,0,2.61780104712042,2.78551532033426,2.80112044817927,0,2,10,8,4,F
0,140,0,2.61780104712042,2.78551532033426,2.80112044817927,,1,17,10,4,F
0,128,0,2.61780104712042,2.78551532033426,2.80112044817927,,1,6,17,2,F
0.0747663551401869,107,0,2.61780104712042,2.78551532033426,2.80112044817927,0,5,1,7,3,F
0.420560747663551,107,0,2.61780104712042,2.78551532033426,2.80112044817927,0,2,7,6,5,F
0,133,0,2.61780104712042,2.78551532033426,2.80112044817927,,0,5,2,13,F
0.422818791946309,149,0,2.61780104712042,2.78551532033426,2.80112044817927,0,2,11,5,5,F
0.020979020979021,143,0,2.61780104712042,2.78551532033426,2.80112044817927,0,2,4,17,3,F
0.139344262295082,122,0,2.61780104712042,2.78551532033426,2.80112044817927,0,3,6,5,5,F
0,144,0,2.61780104712042,2.78551532033426,2.80112044817927,,0,7,13,3,F
0.132743362831858,113,0,2.61780104712042,2.78551532033426,2.80112044817927,0,5,5,7,2,F
0,115,0,2.61780104712042,2.78551532033426,2.80112044817927,,1,3,9,5,F
0,122,0,2.61780104712042,2.78551532033426,2.80112044817927,,0,9,6,3,F
0.0223880597014925,134,0,2.61780104712042,2.78551532033426,2.80112044817927,0,2,5,12,6,F
0.182539682539683,126,0,2.61780104712042,2.78551532033426,2.80112044817927,0,3,9,11,1,F
0,131,0,2.61780104712042,2.78551532033426,2.80112044817927,,0,5,9,6,F
0.0247933884297521,121,0,2.61780104712042,2.78551532033426,2.80112044817927,0,2,8,11,6,F
0,149,0,2.61780104712042,2.78551532033426,2.80112044817927,,0,9,3,8,F
0.0149253731343284,134,0,2.28310502283105,2.32018561484919,4.11522633744856,0,7,5,16,2,F
0,142,0,2.61780104712042,2.78551532033426,2.80112044817927,,0,13,9,5,F
0.540540540540541,111,0,2.61780104712042,2.78551532033426,2.80112044817927,0,2,5,1,11,F
0.0547945205479452,146,0,2.61780104712042,2.78551532033426,2.80112044817927,0,2,7,5,10,F
0,148,0,2.61780104712042,2.78551532033426,2.80112044817927,,1,6,7,6,F
0,132,0,2.61780104712042,2.78551532033426,2.80112044817927,,1,15,10,3,F
0.3671875,128,0,2.61780104712042,2.78551532033426,2.80112044817927,0,2,7,9,7,F
0,141,0,2.61780104712042,2.78551532033426,2.80112044817927,,0,7,5,4,F
0.0967741935483871,124,0,2.61780104712042,2.78551532033426,2.80112044817927,0,2,5,6,6,F
0.00826446280991736,121,0,2.61780104712042,2.78551532033426,2.80112044817927,0,4,7,12,5,F
0,106,0,2.61780104712042,2.78551532033426,2.80112044817927,,0,3,8,5,F
0,147,0,2.61780104712042,2.78551532033426,2.80112044817927,,0,5,0,8,F
0.420634920634921,126,0,2.61780104712042,2.78551532033426,2.80112044817927,0,2,12,10,1,F
0.315436241610738,149,0,2.61780104712042,2.78551532033426,2.80112044817927,0,2,14,16,9,F
0,126,0,2.61780104712042,2.78551532033426,2.80112044817927,,0,11,3,12,F
0,107,0,2.61780104712042,2.78551532033426,2.80112044817927,,1,14,5,9,F
0,131,0,2.61780104712042,2.78551532033426,2.80112044817927,,1,6,10,9,F
0,110,0,2.61780104712042,2.78551532033426,2.80112044817927,,0,5,9,6,F
0,120,0,2.61780104712042,2.78551532033426,2.80112044817927,,0,7,4,7,F
0.0402684563758389,149,0,2.61780104712042,2.78551532033426,2.80112044817927,0,5,8,10,2,F
0.0212765957446809,141,0,2.61780104712042,2.78551532033426,2.80112044817927,0,2,3,9,2,F
0.0283018867924528,106,0,2.61780104712042,2.78551532033426,2.80112044817927,0,4,15,9,4,F
0.0592592592592593,135,0,2.61780104712042,2.78551532033426,2.80112044817927,0,2,6,13,3,F
0,139,0,2.61780104712042,2.78551532033426,2.80112044817927,,1,9,18,8,F
0,109,0,2.61780104712042,2.78551532033426,2.80112044817927,,1,8,5,5,F
0,127,0,2.61780104712042,2.78551532033426,2.80112044817927,,1,6,10,4,F
0.0310077519379845,129,0,2.61780104712042,2.78551532033426,2.80112044817927,0,2,8,16,3,F
0.0254237288135593,118,0,2.61780104712042,2.78551532033426,2.80112044817927,0,3,5,12,1,F
0,119,0,2.61780104712042,2.78551532033426,2.80112044817927,,0,4,12,9,F
0.828571428571429,140,0,2.61780104712042,2.78551532033426,2.80112044817927,0,2,10,14,7,F
0,143,0,2.61780104712042,2.78551532033426,2.80112044817927,,0,9,5,9,F
0,151,0,2.61780104712042,2.78551532033426,2.80112044817927,,0,3,17,5,F
0.00769230769230769,130,0,6.17283950617284,7.19424460431655,5.98802395209581,0,14,9,5,6,F
0,147,0,2.61780104712042,2.78551532033426,2.80112044817927,,1,5,15,2,F
0,139,0,2.61780104712042,2.78551532033426,2.80112044817927,,0,9,6,10,F
0,144,0,2.61780104712042,2.78551532033426,2.80112044817927,,1,7,14,3,F
0.666666666666667,129,0,2.61780104712042,2.78551532033426,2.80112044817927,0,2,8,4,6,F
0.032520325203252,123,0,2.61780104712042,2.78551532033426,2.80112044817927,0,6,3,11,5,F
0.279411764705882,136,0,2.61780104712042,2.78551532033426,2.80112044817927,0,2,7,8,7,F
0.0263157894736842,114,0,2.61780104712042,2.78551532033426,2.80112044817927,0,4,6,9,5,F
0.0166666666666667,120,0,2.61780104712042,2.78551532033426,2.80112044817927,0,5,8,15,1,F
0.386206896551724,145,0,2.61780104712042,2.78551532033426,2.80112044817927,0,2,15,9,4,F
0,146,0,2.61780104712042,2.78551532033426,2.80112044817927,,1,6,1,11,F
0,111,0,2.61780104712042,2.78551532033426,2.80112044817927,,1,3,8,8,F
0.137254901960784,102,0,2.61780104712042,2.78551532033426,2.80112044817927,0,3,9,6,2,F
0,130,0,2.61780104712042,2.78551532033426,2.80112044817927,,0,13,10,2,F
0.0285714285714286,105,0,1.67224080267559,2.77008310249307,3.3003300330033,0,6,8,12,3,F
0,115,0,2.61780104712042,2.78551532033426,2.80112044817927,,0,7,9,4,F
0.0201342281879195,149,0,2.61780104712042,2.78551532033426,2.80112044817927,0,4,7,7,8,F
0,102,0,2.61780104712042,2.78551532033426,2.80112044817927,,1,5,10,5,F
0.00884955752212389,113,0,6.17283950617284,5.84795321637427,8.13008130081301,0,15,8,8,8,F
0.0902777777777778,144,0,2.61780104712042,2.78551532033426,2.80112044817927,0,4,4,5,12,F
0,133,0,2.61780104712042,2.78551532033426,2.80112044817927,,1,8,15,2,F
0,102,0,2.61780104712042,2.78551532033426,2.80112044817927,,0,9,4,9,F
0.548387096774194,124,0,2.61780104712042,2.78551532033426,2.80112044817927,0,2,4,7,6,F
0.0268456375838926,149,0,2.61780104712042,2.78551532033426,2.80112044817927,0,5,7,10,8,F
0.319727891156463,147,0,2.61780104712042,2.78551532033426,2.80112044817927,0,2,9,10,3,F
0,139,0,2.61780104712042,2.78551532033426,2.80112044817927,,1,6,8,9,F
0.0227272727272727,132,0,2.61780104712042,2.78551532033426,2.80112044817927,0,5,9,17,3,F
0,117,0,2.61780104712042,2.78551532033426,2.80112044817927,,0,5,10,8,F
0,135,0,2.61780104712042,2.78551532033426,2.80112044817927,,0,14,8,1,F
0,131,0,2.61780104712042,2.78551532033426,2.80112044817927,,1,7,5,9,F
0,138,0,2.61780104712042,2.78551532033426,2.80112044817927,,1,10,6,9,F
0,117,0,2.61780104712042,2.78551532033426,2.80112044817927,,1,16,4,6,F
0.0137931034482759,145,0,2.61780104712042,2.78551532033426,2.80112044817927,0,8,11,11,10,F
0,144,0,2.61780104712042,2.78551532033426,2.80112044817927,,0,4,20,5,F
0.778625954198473,131,0,2.61780104712042,2.78551532033426,2.80112044817927,0,2,7,7,1,F
0,149,0,2.61780104712042,2.78551532033426,2.80112044817927,,1,16,5,6,F
0,145,0,2.61780104712042,2.78551532033426,2.80112044817927,,1,6,8,2,F
0.327433628318584,113,0,2.61780104712042,2.78551532033426,2.80112044817927,0,2,9,6,7,F
0.00675675675675676,148,0,1.23762376237624,1.2970168612192,1.40252454417952,1,6,9,12,6,F
0.152317880794702,151,0,2.61780104712042,2.78551532033426,2.80112044817927,0,4,8,16,10,F
0,104,0,2.61780104712042,2.78551532033426,2.80112044817927,,0,3,12,3,F
0.00925925925925926,108,0,8.19672131147541,4.97512437810945,5.46448087431694,1,13,7,9,2,F
0,108,0,2.61780104712042,2.78551532033426,2.80112044817927,,0,7,7,6,F
0.389312977099237,131,0,2.61780104712042,2.78551532033426,2.80112044817927,0,3,9,6,10,F
0,111,0,2.61780104712042,2.78551532033426,2.80112044817927,,0,6,8,5,F
0.0283687943262411,141,0,2.61780104712042,2.78551532033426,2.80112044817927,0,6,6,15,3,F
0,106,0,2.61780104712042,2.78551532033426,2.80112044817927,,0,6,8,8,F
0,144,0,2.61780104712042,2.78551532033426,2.80112044817927,,1,16,10,7,F
0.0280373831775701,107,0,2.61780104712042,2.78551532033426,2.80112044817927,0,9,1,6,1,F
0.0340909090909091,88,0,2.61780104712042,2.78551532033426,2.80112044817927,0,2,2,9,3,F
0.0348837209302326,86,0,2.61780104712042,2.78551532033426,2.80112044817927,0,4,3,5,2,F
0.0545454545454545,55,0,2.61780104712042,2.78551532033426,2.80112044817927,0,4,2,5,0,F
0.0416666666666667,72,0,2.61780104712042,2.78551532033426,2.80112044817927,0,2,3,5,0,F
0.0405405405405405,74,0,2.61780104712042,2.78551532033426,2.80112044817927,0,2,5,10,1,F
0,98,0,2.61780104712042,2.78551532033426,2.80112044817927,,1,8,8,4,F
0,69,0,2.61780104712042,2.78551532033426,2.80112044817927,,0,5,2,4,F
0,35,0,2.61780104712042,2.78551532033426,2.80112044817927,,0,3,3,2,F
0.0106382978723404,94,0,5.61797752808989,3.32225913621262,5.78034682080925,0,8,14,2,6,F
0,63,0,2.61780104712042,2.78551532033426,2.80112044817927,,0,3,8,2,F
0,33,0,2.61780104712042,2.78551532033426,2.80112044817927,,0,4,2,0,F
0,74,0,2.61780104712042,2.78551532033426,2.80112044817927,,0,8,10,1,F
0,40,0,2.61780104712042,2.78551532033426,2.80112044817927,,0,1,3,2,F
0,53,0,2.61780104712042,2.78551532033426,2.80112044817927,,1,1,8,5,F
0.271739130434783,92,0,2.61780104712042,2.78551532033426,2.80112044817927,0,3,3,2,8,F
0,62,0,2.61780104712042,2.78551532033426,2.80112044817927,,0,4,1,5,F
0,74,0,2.61780104712042,2.78551532033426,2.80112044817927,,0,4,10,5,F
0.0595238095238095,84,0,2.61780104712042,2.78551532033426,2.80112044817927,0,6,7,0,7,F
0,62,0,2.61780104712042,2.78551532033426,2.80112044817927,,0,0,7,0,F
0.0365853658536585,82,0,2.61780104712042,2.78551532033426,2.80112044817927,0,4,1,4,0,F
0,59,0,2.61780104712042,2.78551532033426,2.80112044817927,,0,3,3,0,F
0,91,0,2.61780104712042,2.78551532033426,2.80112044817927,,0,3,9,3,F
0.0677966101694915,59,0,2.61780104712042,2.78551532033426,2.80112044817927,0,6,2,7,2,F
0,79,0,2.61780104712042,2.78551532033426,2.80112044817927,,0,3,4,1,F
0.146666666666667,75,0,2.61780104712042,2.78551532033426,2.80112044817927,0,4,4,4,13,F
0,83,0,2.61780104712042,2.78551532033426,2.80112044817927,,0,7,3,1,F
0,71,0,2.61780104712042,2.78551532033426,2.80112044817927,,0,3,2,3,F
0.212121212121212,66,0,2.61780104712042,2.78551532033426,2.80112044817927,0,2,3,3,4,F
0,83,0,2.61780104712042,2.78551532033426,2.80112044817927,,1,7,5,2,F
0,60,0,2.61780104712042,2.78551532033426,2.80112044817927,,1,5,4,1,F
0.213333333333333,75,0,2.61780104712042,2.78551532033426,2.80112044817927,0,4,5,1,3,F
0.0416666666666667,72,0,2.61780104712042,2.78551532033426,2.80112044817927,0,6,0,17,0,F
0,56,0,2.61780104712042,2.78551532033426,2.80112044817927,,0,0,7,5,F
0.0454545454545455,22,0,2.61780104712042,2.78551532033426,2.80112044817927,0,4,2,0,0,F
0,100,0,2.61780104712042,2.78551532033426,2.80112044817927,,1,12,6,0,F
0,37,0,2.61780104712042,2.78551532033426,2.80112044817927,,0,1,0,3,F
0.0303030303030303,99,0,2.61780104712042,2.78551532033426,2.80112044817927,0,4,6,4,1,F
0,96,0,2.61780104712042,2.78551532033426,2.80112044817927,,1,6,14,6,F
0,61,0,2.61780104712042,2.78551532033426,2.80112044817927,,0,6,4,3,F
0.917525773195876,97,0,2.61780104712042,2.78551532033426,2.80112044817927,0,2,7,0,5,F
0,38,0,2.61780104712042,2.78551532033426,2.80112044817927,,0,0,7,1,F
0.105263157894737,19,0,2.61780104712042,2.78551532033426,2.80112044817927,0,4,3,2,1,F
0,69,0,2.61780104712042,2.78551532033426,2.80112044817927,,0,5,4,0,F
0,89,0,2.61780104712042,2.78551532033426,2.80112044817927,,0,1,6,6,F
0,46,0,2.61780104712042,2.78551532033426,2.80112044817927,,0,5,6,3,F
0.929577464788732,71,0,2.61780104712042,2.78551532033426,2.80112044817927,0,2,5,7,2,F
0.195876288659794,97,0,2.61780104712042,2.78551532033426,2.80112044817927,0,2,7,10,2,F
0.652173913043478,69,0,2.61780104712042,2.78551532033426,2.80112044817927,0,2,5,4,9,F
0,96,0,2.61780104712042,2.78551532033426,2.80112044817927,,0,6,9,1,F
0.03,100,0,2.61780104712042,2.78551532033426,2.80112044817927,0,2,10,4,6,F
0,73,0,2.61780104712042,2.78551532033426,2.80112044817927,,1,3,5,5,F
0,80,0,2.61780104712042,2.78551532033426,2.80112044817927,,1,5,7,5,F
0,67,0,2.61780104712042,2.78551532033426,2.80112044817927,,0,3,14,4,F
0,94,0,2.61780104712042,2.78551532033426,2.80112044817927,,0,6,4,5,F
0,68,0,2.61780104712042,2.78551532033426,2.80112044817927,,0,3,7,3,F
0,59,0,2.61780104712042,2.78551532033426,2.80112044817927,,0,2,4,2,F
0,83,0,2.61780104712042,2.78551532033426,2.80112044817927,,0,6,6,3,F
0,33,0,2.61780104712042,2.78551532033426,2.80112044817927,,0,1,2,4,F
0.387096774193548,31,0,2.61780104712042,2.78551532033426,2.80112044817927,0,2,1,1,1,F
0,69,0,2.61780104712042,2.78551532033426,2.80112044817927,,0,3,2,2,F
0.021978021978022,91,0,2.61780104712042,2.78551532033426,2.80112044817927,0,8,3,5,7,F
0.252747252747253,91,0,2.61780104712042,2.78551532033426,2.80112044817927,0,2,1,9,5,F
0,91,0,2.61780104712042,2.78551532033426,2.80112044817927,,0,8,6,3,F
0,99,0,2.61780104712042,2.78551532033426,2.80112044817927,,1,1,2,7,F
0,95,0,2.61780104712042,2.78551532033426,2.80112044817927,,0,6,7,3,F
0.036144578313253,83,0,2.61780104712042,2.78551532033426,2.80112044817927,0,9,3,5,1,F
0,60,0,2.61780104712042,2.78551532033426,2.80112044817927,,0,4,2,4,F
0,71,0,2.61780104712042,2.78551532033426,2.80112044817927,,1,9,6,2,F
0,63,0,2.61780104712042,2.78551532033426,2.80112044817927,,1,4,2,3,F
0,91,0,2.61780104712042,2.78551532033426,2.80112044817927,,1,8,3,12,F
0.0099009900990099,101,1,6.75675675675676,7.63358778625954,5.3475935828877,1,10,8,5,2,F
0,39,0,2.61780104712042,2.78551532033426,2.80112044817927,,0,4,0,2,F
0,317,0,2.61780104712042,2.78551532033426,2.80112044817927,,0,12,31,6,F
0,63,0,2.61780104712042,2.78551532033426,2.80112044817927,,0,5,3,1,F
0,42,0,2.61780104712042,2.78551532033426,2.80112044817927,,0,0,0,4,F
0,94,0,2.61780104712042,2.78551532033426,2.80112044817927,,0,5,5,4,F
0,68,0,2.61780104712042,2.78551532033426,2.80112044817927,,0,2,3,6,F
0,98,0,2.61780104712042,2.78551532033426,2.80112044817927,,1,2,9,7,F
0,93,0,2.61780104712042,2.78551532033426,2.80112044817927,,0,6,10,3,F
0,65,0,2.61780104712042,2.78551532033426,2.80112044817927,,0,4,7,3,F
0.28,100,0,2.61780104712042,2.78551532033426,2.80112044817927,0,2,0,7,4,F
0.146341463414634,82,0,2.61780104712042,2.78551532033426,2.80112044817927,0,4,3,3,1,F
0,93,0,2.61780104712042,2.78551532033426,2.80112044817927,,1,6,6,4,F
0,100,0,2.61780104712042,2.78551532033426,2.80112044817927,,0,5,6,2,F
0,90,0,2.61780104712042,2.78551532033426,2.80112044817927,,1,8,5,4,F
0,94,0,2.61780104712042,2.78551532033426,2.80112044817927,,0,3,2,3,F
0,153,0,2.61780104712042,2.78551532033426,2.80112044817927,,1,8,8,6,F
0.388235294117647,85,0,2.61780104712042,2.78551532033426,2.80112044817927,0,2,6,2,3,F
0,100,0,2.61780104712042,2.78551532033426,2.80112044817927,,0,5,10,4,F
0,96,0,2.61780104712042,2.78551532033426,2.80112044817927,,0,5,4,7,F
0,98,0,2.61780104712042,2.78551532033426,2.80112044817927,,0,6,3,8,F
0,28,0,2.61780104712042,2.78551532033426,2.80112044817927,,0,1,1,2,F
0.166666666666667,12,0,2.61780104712042,2.78551532033426,2.80112044817927,0,4,2,0,0,F
0,98,0,2.61780104712042,2.78551532033426,2.80112044817927,,1,13,6,5,F
0,67,0,2.61780104712042,2.78551532033426,2.80112044817927,,1,5,3,4,F
0,75,0,2.61780104712042,2.78551532033426,2.80112044817927,,0,8,4,4,F
0,92,0,2.61780104712042,2.78551532033426,2.80112044817927,,0,6,6,3,F
0.0340909090909091,88,0,2.61780104712042,2.78551532033426,2.80112044817927,0,2,4,12,0,F
0,97,0,2.61780104712042,2.78551532033426,2.80112044817927,,0,4,9,6,F
0,61,0,2.61780104712042,2.78551532033426,2.80112044817927,,0,3,5,6,F
0.028169014084507,71,0,6.57894736842105,5.58659217877095,8.84955752212389,0,11,5,3,4,F
0,38,0,2.61780104712042,2.78551532033426,2.80112044817927,,0,4,3,5,F
0,92,0,2.61780104712042,2.78551532033426,2.80112044817927,,0,8,5,8,F
0.0348837209302326,86,0,2.61780104712042,2.78551532033426,2.80112044817927,0,2,3,2,6,F
0.172043010752688,93,0,2.61780104712042,2.78551532033426,2.80112044817927,0,2,4,8,1,F
0,81,0,2.61780104712042,2.78551532033426,2.80112044817927,,0,5,7,1,F
0,64,0,2.61780104712042,2.78551532033426,2.80112044817927,,1,4,3,1,F
0,68,0,2.61780104712042,2.78551532033426,2.80112044817927,,0,5,10,4,F
0,74,0,2.61780104712042,2.78551532033426,2.80112044817927,,0,5,7,4,F
0,78,0,2.61780104712042,2.78551532033426,2.80112044817927,,1,6,3,5,F
0,83,0,2.61780104712042,2.78551532033426,2.80112044817927,,1,7,5,5,F
0.04,75,0,2.61780104712042,2.78551532033426,2.80112044817927,0,6,5,3,1,F
0.544554455445545,101,0,2.61780104712042,2.78551532033426,2.80112044817927,0,2,9,7,5,F
0,89,0,2.61780104712042,2.78551532033426,2.80112044817927,,0,9,8,7,F
0,99,0,2.61780104712042,2.78551532033426,2.80112044817927,,0,6,3,7,F
0,95,0,2.61780104712042,2.78551532033426,2.80112044817927,,0,11,7,4,F
0,82,0,2.61780104712042,2.78551532033426,2.80112044817927,,1,4,4,2,F
0.285714285714286,84,0,2.61780104712042,2.78551532033426,2.80112044817927,0,2,10,8,2,F
0,41,0,2.61780104712042,2.78551532033426,2.80112044817927,,0,0,1,1,F
0,94,0,2.61780104712042,2.78551532033426,2.80112044817927,,0,5,7,7,F
0,12,0,2.61780104712042,2.78551532033426,2.80112044817927,,0,0,2,0,F
0.0561797752808989,89,0,2.61780104712042,2.78551532033426,2.80112044817927,0,2,8,7,4,F
0,66,0,2.61780104712042,2.78551532033426,2.80112044817927,,1,3,6,1,F
0,42,0,2.61780104712042,2.78551532033426,2.80112044817927,,0,2,3,2,F
0,66,0,2.61780104712042,2.78551532033426,2.80112044817927,,0,3,10,3,F
0,78,0,2.61780104712042,2.78551532033426,2.80112044817927,,0,2,1,8,F
0.0428571428571429,70,0,2.61780104712042,2.78551532033426,2.80112044817927,0,3,5,1,3,F
0,33,0,2.61780104712042,2.78551532033426,2.80112044817927,,0,0,0,1,F
0.0319148936170213,94,0,2.61780104712042,2.78551532033426,2.80112044817927,0,2,3,6,1,F
0.0340909090909091,88,0,2.61780104712042,2.78551532033426,2.80112044817927,0,2,7,7,3,F
0,65,0,2.61780104712042,2.78551532033426,2.80112044817927,,0,2,0,5,F
0,70,0,2.61780104712042,2.78551532033426,2.80112044817927,,0,4,3,4,F
0,81,0,2.61780104712042,2.78551532033426,2.80112044817927,,0,4,8,3,F
0,80,0,2.61780104712042,2.78551532033426,2.80112044817927,,0,4,0,5,F
0,90,0,2.61780104712042,2.78551532033426,2.80112044817927,,0,1,6,6,F
0.0142857142857143,70,0,7.04225352112676,9.1743119266055,7.2992700729927,0,8,2,3,8,F
0,0,0,2.61780104712042,2.78551532033426,2.80112044817927,,0,0,0,0,F
